The input matrix is:

The inverse is:

A*x is:
155628
441018.00000000000000000
416031.00000000000000000
416787.00000000000000000
901827.00000000000000000
752991.00000000000000000
1027023.00000000000000000
903706.00000000000000000
1212532.00000000000000000
1160654.00000000000000000
1335237.00000000000000000
1692055.00000000000000000
1432490.00000000000000000
1609602.00000000000000000
1869002.00000000000000000
2609709.00000000000000000
2484194.00000000000000000
2359458.00000000000000000
2364825.00000000000000000
2197915.00000000000000000
2381627.00000000000000000
3237610.00000000000000000
2609667.00000000000000000
3803013.00000000000000000
3068808.00000000000000000
3285358.00000000000000000
2957378.00000000000000000
4429152.00000000000000000
4375046.00000000000000000
3687208.00000000000000000
3861493.00000000000000000
3795945.00000000000000000
4350647.00000000000000000
4338616.00000000000000000
4367268.00000000000000000
4311102.00000000000000000
3952707.00000000000000000
5071201.00000000000000000
4736479.00000000000000000
4828273.00000000000000000
5289659.00000000000000000
5044225.00000000000000000
5690010.00000000000000000
5529162.00000000000000000
5119190.00000000000000000
5571271.00000000000000000
4988234.00000000000000000
5346719.00000000000000000
6229774.00000000000000000
6084706.00000000000000000
6733121.00000000000000000
6285052.00000000000000000
6612525.00000000000000000
6314957.00000000000000000
6666631.00000000000000000
7196117.00000000000000000
6730418.00000000000000000
7506967.00000000000000000
7125495.00000000000000000
7174931.00000000000000000
7748246.00000000000000000
7865416.00000000000000000
8298292.00000000000000000
8041878.00000000000000000
8347499.00000000000000000
8590893.00000000000000000
7764547.00000000000000000
8310752.00000000000000000
8113930.00000000000000000
8633892.00000000000000000
9013056.00000000000000000
8412796.00000000000000000
9815569.00000000000000000
10322403.00000000000000000
9559335.00000000000000000
9780472.00000000000000000
9368815.00000000000000000
9470094.00000000000000000
9284119.00000000000000000
9502335.00000000000000000
9888790.00000000000000000
10559694.00000000000000000
9642680.00000000000000000
10957935.00000000000000000
10540069.00000000000000000
10769746.00000000000000000
11144272.00000000000000000
11260290.00000000000000000
10847494.00000000000000000
10038262.00000000000000000
10636762.00000000000000000
11434771.00000000000000000
11508630.00000000000000000
11644625.00000000000000000
10100081.00000000000000000
10942655.00000000000000000
12552566.00000000000000000
11707332.00000000000000000
12058017.00000000000000000
12103654.00000000000000000
12529151.00000000000000000
12019453.00000000000000000
13534316.00000000000000000
12331887.00000000000000000
13593271.00000000000000000
12941782.00000000000000000
13371718.00000000000000000
12085629.00000000000000000
12630306.00000000000000000
12814596.00000000000000000
12533553.00000000000000000
13799435.00000000000000000
14243423.00000000000000000
12874369.00000000000000000
13875110.00000000000000000
14474066.00000000000000000
13566920.00000000000000000
14397346.00000000000000000
15423768.00000000000000000
14953249.00000000000000000
14584067.00000000000000000
16131604.00000000000000000
16028793.00000000000000000
13846585.00000000000000000
15576192.00000000000000000
14671357.00000000000000000
15076522.00000000000000000
16180691.00000000000000000
15480653.00000000000000000
15838251.00000000000000000
16325067.00000000000000000
15464775.00000000000000000
15324277.00000000000000000
15304068.00000000000000000
17526148.00000000000000000
16305222.00000000000000000
14996712.00000000000000000
16309982.00000000000000000
15942213.00000000000000000
16884258.00000000000000000
17621163.00000000000000000
16527199.00000000000000000
17085116.00000000000000000
17465137.00000000000000000
17963151.00000000000000000
17244708.00000000000000000
17229831.00000000000000000
17780644.00000000000000000
17530034.00000000000000000
16746506.00000000000000000
17270963.00000000000000000
18533903.00000000000000000
17646923.00000000000000000
17868164.00000000000000000
18492651.00000000000000000
17244044.00000000000000000
18715496.00000000000000000
18369695.00000000000000000
18505005.00000000000000000
20261412.00000000000000000
19457305.00000000000000000
18978872.00000000000000000
19111241.00000000000000000
19776243.00000000000000000
18773409.00000000000000000
20466470.00000000000000000
20018429.00000000000000000
20118464.00000000000000000
20298472.00000000000000000
19059626.00000000000000000
18913252.00000000000000000
20858843.00000000000000000
20774153.00000000000000000
22042063.00000000000000000
20357069.00000000000000000
20953761.00000000000000000
21142462.00000000000000000
21163348.00000000000000000
20483090.00000000000000000
20339586.00000000000000000
21651488.00000000000000000
21164171.00000000000000000
19833521.00000000000000000
20511894.00000000000000000
21833241.00000000000000000
21385370.00000000000000000
21772731.00000000000000000
21876033.00000000000000000
21743020.00000000000000000
19759855.00000000000000000
21893802.00000000000000000
22870625.00000000000000000
22323393.00000000000000000
22780024.00000000000000000
22146252.00000000000000000
23323226.00000000000000000
24278144.00000000000000000
22421601.00000000000000000
23663003.00000000000000000
23239758.00000000000000000
21642966.00000000000000000
23649883.00000000000000000
23063279.00000000000000000
21902264.00000000000000000
23885209.00000000000000000
24823481.00000000000000000
23191810.00000000000000000
23520900.00000000000000000
25540463.00000000000000000
24759941.00000000000000000
25501687.00000000000000000
25848019.00000000000000000
23864345.00000000000000000
23952068.00000000000000000
24883962.00000000000000000
24089583.00000000000000000
24198720.00000000000000000
24091707.00000000000000000
26376063.00000000000000000
25110414.00000000000000000
26044556.00000000000000000
24841939.00000000000000000
25505491.00000000000000000
24551643.00000000000000000
25295252.00000000000000000
25192092.00000000000000000
25986362.00000000000000000
25429258.00000000000000000
26052095.00000000000000000
24858261.00000000000000000
23533523.00000000000000000
26393375.00000000000000000
24953921.00000000000000000
27693705.00000000000000000
27696614.00000000000000000
28899134.00000000000000000
26823325.00000000000000000
27599771.00000000000000000
27524235.00000000000000000
26113389.00000000000000000
28733289.00000000000000000
25336379.00000000000000000
28424883.00000000000000000
28727254.00000000000000000
28261104.00000000000000000
29035849.00000000000000000
29603937.00000000000000000
28903626.00000000000000000
28625490.00000000000000000
28543432.00000000000000000
29451793.00000000000000000
28128818.00000000000000000
27827822.00000000000000000
30490096.00000000000000000
29632342.00000000000000000
27593415.00000000000000000
31114456.00000000000000000
28709618.00000000000000000
29309475.00000000000000000
29893605.00000000000000000
30244610.00000000000000000
30878603.00000000000000000
29612892.00000000000000000
29817091.00000000000000000
29685994.00000000000000000
28350259.00000000000000000
31139259.00000000000000000
30279891.00000000000000000
29746028.00000000000000000
29739830.00000000000000000
30852197.00000000000000000
30849941.00000000000000000
29555548.00000000000000000
28844347.00000000000000000
30613369.00000000000000000
31737619.00000000000000000
30671630.00000000000000000
28995251.00000000000000000
29881845.00000000000000000
31540404.00000000000000000
31915867.00000000000000000
31764355.00000000000000000
30388439.00000000000000000
31899676.00000000000000000
31824976.00000000000000000
31533957.00000000000000000
30836291.00000000000000000
31595153.00000000000000000
30833459.00000000000000000
31462714.00000000000000000
31535359.00000000000000000
30240933.00000000000000000
31394795.00000000000000000
31313907.00000000000000000
32003316.00000000000000000
32473101.00000000000000000
31800479.00000000000000000
32284973.00000000000000000
31947602.00000000000000000
31973336.00000000000000000
33714831.00000000000000000
31160155.00000000000000000
34033563.00000000000000000
33466246.00000000000000000
34434126.00000000000000000
32867046.00000000000000000
34268663.00000000000000000
34035461.00000000000000000
34935675.00000000000000000
34935592.00000000000000000
34375445.00000000000000000
34304664.00000000000000000
34692683.00000000000000000
33417835.00000000000000000
35131557.00000000000000000
32903916.00000000000000000
32760432.00000000000000000
35277858.00000000000000000
34270392.00000000000000000
35759320.00000000000000000
33210907.00000000000000000
33623783.00000000000000000
34875517.00000000000000000
37008418.00000000000000000
35271954.00000000000000000
34532555.00000000000000000
35939452.00000000000000000
34257779.00000000000000000
35549037.00000000000000000
34363649.00000000000000000
35090686.00000000000000000
36829900.00000000000000000
35627039.00000000000000000
36201976.00000000000000000
37630451.00000000000000000
36521379.00000000000000000
35549486.00000000000000000
36931362.00000000000000000
37229562.00000000000000000
37428194.00000000000000000
37233590.00000000000000000
37182783.00000000000000000
36593878.00000000000000000
36101261.00000000000000000
38855559.00000000000000000
36788644.00000000000000000
37460703.00000000000000000
36516380.00000000000000000
41030791.00000000000000000
36903358.00000000000000000
36478531.00000000000000000
37452043.00000000000000000
38131716.00000000000000000
37602924.00000000000000000
37382042.00000000000000000
37429005.00000000000000000
37185652.00000000000000000
38667874.00000000000000000
39028209.00000000000000000
37700003.00000000000000000
38035744.00000000000000000
39233021.00000000000000000
39751802.00000000000000000
39227220.00000000000000000
37519114.00000000000000000
38091127.00000000000000000
37730316.00000000000000000
39666643.00000000000000000
40288751.00000000000000000
37663308.00000000000000000
38086658.00000000000000000
39048988.00000000000000000
40474540.00000000000000000
38692721.00000000000000000
39573322.00000000000000000
39363960.00000000000000000
37988398.00000000000000000
40591560.00000000000000000
40002834.00000000000000000
40749809.00000000000000000
40038363.00000000000000000
42098989.00000000000000000
39925938.00000000000000000
39963997.00000000000000000
38859611.00000000000000000
40967073.00000000000000000
40785202.00000000000000000
40114362.00000000000000000
41905913.00000000000000000
40416519.00000000000000000
40395089.00000000000000000
39302558.00000000000000000
42269981.00000000000000000
38955024.00000000000000000
41779101.00000000000000000
41736857.00000000000000000
41980377.00000000000000000
42723482.00000000000000000
40665367.00000000000000000
42022042.00000000000000000
41689644.00000000000000000
42203302.00000000000000000
41555548.00000000000000000
41186915.00000000000000000
40061141.00000000000000000
43378630.00000000000000000
42786872.00000000000000000
43839758.00000000000000000
41684607.00000000000000000
41790689.00000000000000000
43444480.00000000000000000
38503201.00000000000000000
42996353.00000000000000000
41425512.00000000000000000
43690459.00000000000000000
43376731.00000000000000000
42365211.00000000000000000
40495452.00000000000000000
43177600.00000000000000000
44735870.00000000000000000
43042576.00000000000000000
43693741.00000000000000000
43286667.00000000000000000
42456064.00000000000000000
41368387.00000000000000000
42574698.00000000000000000
44051781.00000000000000000
44459593.00000000000000000
43526534.00000000000000000
43457790.00000000000000000
43968220.00000000000000000
45192160.00000000000000000
44192798.00000000000000000
44353755.00000000000000000
42663814.00000000000000000
43914063.00000000000000000
42178576.00000000000000000
42873359.00000000000000000
44903828.00000000000000000
44335199.00000000000000000
45533245.00000000000000000
43946985.00000000000000000
43365650.00000000000000000
46130180.00000000000000000
45354374.00000000000000000
45223799.00000000000000000
44272218.00000000000000000
44704732.00000000000000000
45030975.00000000000000000
44513889.00000000000000000
47234169.00000000000000000
47629743.00000000000000000
46233953.00000000000000000
46969833.00000000000000000
42442742.00000000000000000
46153171.00000000000000000
45745678.00000000000000000
45176491.00000000000000000
44769990.00000000000000000
46404951.00000000000000000
45973952.00000000000000000
46460530.00000000000000000
48494017.00000000000000000
45039821.00000000000000000
46618628.00000000000000000
45733008.00000000000000000
49514197.00000000000000000
47211561.00000000000000000
48022412.00000000000000000
45978009.00000000000000000
48291651.00000000000000000
46321580.00000000000000000
47064850.00000000000000000
46051945.00000000000000000
47147206.00000000000000000
45527166.00000000000000000
48153873.00000000000000000
47011107.00000000000000000
48866439.00000000000000000
45312996.00000000000000000
47897369.00000000000000000
46784850.00000000000000000
47275440.00000000000000000
47562717.00000000000000000
49352550.00000000000000000
47383262.00000000000000000
49270338.00000000000000000
48731666.00000000000000000
46475288.00000000000000000
47098441.00000000000000000
48282343.00000000000000000
47016714.00000000000000000
46959292.00000000000000000
48527437.00000000000000000
50626597.00000000000000000
47145071.00000000000000000
48151634.00000000000000000
47133813.00000000000000000
47908015.00000000000000000
48361375.00000000000000000
49131825.00000000000000000
48736831.00000000000000000
49285985.00000000000000000
50278068.00000000000000000
48711671.00000000000000000
49244966.00000000000000000
49766052.00000000000000000
50512073.00000000000000000
50513194.00000000000000000
49510519.00000000000000000
49273482.00000000000000000
48137197.00000000000000000
48786228.00000000000000000
49348540.00000000000000000
49175999.00000000000000000
49023174.00000000000000000
49478685.00000000000000000
49196944.00000000000000000
51832010.00000000000000000
48804478.00000000000000000
51589992.00000000000000000
50821482.00000000000000000
51567909.00000000000000000
48746579.00000000000000000
49295716.00000000000000000
52381114.00000000000000000
50114286.00000000000000000
49854874.00000000000000000
50306788.00000000000000000
52205433.00000000000000000
50286021.00000000000000000
52942923.00000000000000000
52020635.00000000000000000
50970240.00000000000000000
51293311.00000000000000000
48667524.00000000000000000
48721763.00000000000000000
51315006.00000000000000000
50312698.00000000000000000
52144016.00000000000000000
51196548.00000000000000000
50976647.00000000000000000
52470636.00000000000000000
50766774.00000000000000000
52657616.00000000000000000
51424347.00000000000000000
51925020.00000000000000000
52870343.00000000000000000
50682268.00000000000000000
50818858.00000000000000000
50161272.00000000000000000
51861602.00000000000000000
52614129.00000000000000000
53237832.00000000000000000
49457060.00000000000000000
52530175.00000000000000000
51274285.00000000000000000
51188658.00000000000000000
52822506.00000000000000000
53445789.00000000000000000
52643341.00000000000000000
54053151.00000000000000000
54851542.00000000000000000
53154467.00000000000000000
51206420.00000000000000000
51095602.00000000000000000
53934139.00000000000000000
51744882.00000000000000000
54879311.00000000000000000
50905541.00000000000000000
53696844.00000000000000000
52246481.00000000000000000
53413104.00000000000000000
53233660.00000000000000000
52929476.00000000000000000
54388868.00000000000000000
54760550.00000000000000000
53082033.00000000000000000
52313901.00000000000000000
55601290.00000000000000000
51844616.00000000000000000
51915936.00000000000000000
53482931.00000000000000000
52424267.00000000000000000
52398596.00000000000000000
51929713.00000000000000000
54909503.00000000000000000
54061186.00000000000000000
53879521.00000000000000000
51810491.00000000000000000
54391842.00000000000000000
55966466.00000000000000000
53934129.00000000000000000
55485446.00000000000000000
55034063.00000000000000000
53458738.00000000000000000
54911145.00000000000000000
52286462.00000000000000000
55238806.00000000000000000
55720054.00000000000000000
55391591.00000000000000000
53929444.00000000000000000
53714714.00000000000000000
55096802.00000000000000000
57453363.00000000000000000
53660347.00000000000000000
57142248.00000000000000000
55734889.00000000000000000
53933953.00000000000000000
54381968.00000000000000000
56664307.00000000000000000
54620552.00000000000000000
53243433.00000000000000000
56911861.00000000000000000
53876803.00000000000000000
55947587.00000000000000000
57139192.00000000000000000
56230314.00000000000000000
57143649.00000000000000000
56094914.00000000000000000
56177616.00000000000000000
55388836.00000000000000000
54421120.00000000000000000
55649726.00000000000000000
56533221.00000000000000000
56090273.00000000000000000
56065312.00000000000000000
56692039.00000000000000000
56245649.00000000000000000
56158413.00000000000000000
56512085.00000000000000000
56817970.00000000000000000
56557203.00000000000000000
57965415.00000000000000000
59744340.00000000000000000
55831796.00000000000000000
56883836.00000000000000000
57873314.00000000000000000
54997335.00000000000000000
57291566.00000000000000000
56988685.00000000000000000
56938665.00000000000000000
58580293.00000000000000000
57887487.00000000000000000
59324438.00000000000000000
54390340.00000000000000000
54960471.00000000000000000
58157266.00000000000000000
57172182.00000000000000000
58210309.00000000000000000
56788323.00000000000000000
55549827.00000000000000000
58064658.00000000000000000
57298303.00000000000000000
56560377.00000000000000000
56499066.00000000000000000
57341526.00000000000000000
57484232.00000000000000000
56768210.00000000000000000
58092177.00000000000000000
59535196.00000000000000000
59545229.00000000000000000
59123420.00000000000000000
56304044.00000000000000000
57522412.00000000000000000
59076049.00000000000000000
58956887.00000000000000000
57232638.00000000000000000
59180334.00000000000000000
58028041.00000000000000000
56586382.00000000000000000
59904547.00000000000000000
57015828.00000000000000000
57632282.00000000000000000
57870140.00000000000000000
56264423.00000000000000000
59361464.00000000000000000
58048416.00000000000000000
58519376.00000000000000000
56647279.00000000000000000
58521660.00000000000000000
59325509.00000000000000000
58397872.00000000000000000
57488088.00000000000000000
58847513.00000000000000000
58771107.00000000000000000
57594357.00000000000000000
58112802.00000000000000000
57385439.00000000000000000
60205620.00000000000000000
56688142.00000000000000000
62187403.00000000000000000
59297816.00000000000000000
57177299.00000000000000000
57532850.00000000000000000
58605707.00000000000000000
57956669.00000000000000000
58897329.00000000000000000
57662659.00000000000000000
58485505.00000000000000000
59330973.00000000000000000
58627806.00000000000000000
58807553.00000000000000000
60400871.00000000000000000
58680552.00000000000000000
58681940.00000000000000000
57670442.00000000000000000
58813837.00000000000000000
59122004.00000000000000000
58817591.00000000000000000
59313275.00000000000000000
58562289.00000000000000000
58879859.00000000000000000
58510869.00000000000000000
58462726.00000000000000000
60790763.00000000000000000
59410304.00000000000000000
59975145.00000000000000000
60208791.00000000000000000
60606176.00000000000000000
60724183.00000000000000000
61986679.00000000000000000
60698149.00000000000000000
62350710.00000000000000000
61383467.00000000000000000
60105321.00000000000000000
59613283.00000000000000000
59017793.00000000000000000
59811152.00000000000000000
59750230.00000000000000000
60826643.00000000000000000
59763301.00000000000000000
63023804.00000000000000000
60464492.00000000000000000
60656897.00000000000000000
59946950.00000000000000000
62240148.00000000000000000
60491297.00000000000000000
58936417.00000000000000000
59768313.00000000000000000
60082013.00000000000000000
59691505.00000000000000000
60886283.00000000000000000
58257371.00000000000000000
62097871.00000000000000000
60128436.00000000000000000
62016612.00000000000000000
59496707.00000000000000000
61821781.00000000000000000
61585636.00000000000000000
61782574.00000000000000000
61546162.00000000000000000
60289920.00000000000000000
59566127.00000000000000000
61481481.00000000000000000
60605587.00000000000000000
62451039.00000000000000000
60938162.00000000000000000
61359607.00000000000000000
64034246.00000000000000000
61942132.00000000000000000
59217103.00000000000000000
61725543.00000000000000000
62583241.00000000000000000
63477660.00000000000000000
60991317.00000000000000000
61484931.00000000000000000
61439074.00000000000000000
59627995.00000000000000000
61671013.00000000000000000
59756452.00000000000000000
59963836.00000000000000000
60719634.00000000000000000
61558942.00000000000000000
60458703.00000000000000000
61160493.00000000000000000
60926793.00000000000000000
63433152.00000000000000000
62427151.00000000000000000
62170332.00000000000000000
62311241.00000000000000000
62570197.00000000000000000
63376764.00000000000000000
64087686.00000000000000000
62671666.00000000000000000
60932162.00000000000000000
63102562.00000000000000000
62883793.00000000000000000
62356578.00000000000000000
61548255.00000000000000000
61596024.00000000000000000
64118039.00000000000000000
61215055.00000000000000000
60714490.00000000000000000
61993124.00000000000000000
60589816.00000000000000000
62477049.00000000000000000
62186320.00000000000000000
62439551.00000000000000000
62303589.00000000000000000
60167306.00000000000000000
62002504.00000000000000000
59464492.00000000000000000
62786514.00000000000000000
63348732.00000000000000000
63253441.00000000000000000
63049534.00000000000000000
62759017.00000000000000000
63668680.00000000000000000
61177219.00000000000000000
62310897.00000000000000000
62266406.00000000000000000
62420276.00000000000000000
62275533.00000000000000000
62959275.00000000000000000
63039585.00000000000000000
63098848.00000000000000000
63034787.00000000000000000
63215287.00000000000000000
63054692.00000000000000000
62345563.00000000000000000
63259755.00000000000000000
61440045.00000000000000000
63978068.00000000000000000
62863724.00000000000000000
64282821.00000000000000000
62253921.00000000000000000
63490203.00000000000000000
66126777.00000000000000000
61351796.00000000000000000
63309795.00000000000000000
62630021.00000000000000000
61843184.00000000000000000
62879259.00000000000000000
63544832.00000000000000000
65100024.00000000000000000
64378739.00000000000000000
64139573.00000000000000000
64414505.00000000000000000
64600841.00000000000000000
64051162.00000000000000000
64157771.00000000000000000
64747513.00000000000000000
63332135.00000000000000000
63882565.00000000000000000
63222257.00000000000000000
66095398.00000000000000000
62498368.00000000000000000
63419273.00000000000000000
65949095.00000000000000000
62360332.00000000000000000
63116376.00000000000000000
64565550.00000000000000000
63902652.00000000000000000
63131577.00000000000000000
64993493.00000000000000000
64394782.00000000000000000
65538891.00000000000000000
62995675.00000000000000000
65677994.00000000000000000
63436722.00000000000000000
62911055.00000000000000000
64572869.00000000000000000
64267247.00000000000000000
61297074.00000000000000000
64035856.00000000000000000
63394930.00000000000000000
63361991.00000000000000000
65275672.00000000000000000
64229604.00000000000000000
64417207.00000000000000000
64336518.00000000000000000
64093524.00000000000000000
62015047.00000000000000000
62254415.00000000000000000
62084033.00000000000000000
66025387.00000000000000000
63525691.00000000000000000
63913368.00000000000000000
63824638.00000000000000000
63927077.00000000000000000
65651415.00000000000000000
65418651.00000000000000000
64505819.00000000000000000
63440243.00000000000000000
63977480.00000000000000000
65271546.00000000000000000
63765779.00000000000000000
63385397.00000000000000000
64866779.00000000000000000
65586002.00000000000000000
65133841.00000000000000000
63529055.00000000000000000
66360362.00000000000000000
65193996.00000000000000000
63701667.00000000000000000
65572369.00000000000000000
65229662.00000000000000000
64641309.00000000000000000
64054243.00000000000000000
63961257.00000000000000000
62369782.00000000000000000
62710936.00000000000000000
64546913.00000000000000000
63672554.00000000000000000
64010722.00000000000000000
66684575.00000000000000000
64761879.00000000000000000
64402455.00000000000000000
64486143.00000000000000000
63058110.00000000000000000
66214874.00000000000000000
63908063.00000000000000000
63870887.00000000000000000
64065593.00000000000000000
64781560.00000000000000000
65338925.00000000000000000
65150426.00000000000000000
66417967.00000000000000000
64722031.00000000000000000
66397696.00000000000000000
67466755.00000000000000000
65016563.00000000000000000
63720319.00000000000000000
63299044.00000000000000000
66298261.00000000000000000
66714314.00000000000000000
64895471.00000000000000000
66925032.00000000000000000
65413920.00000000000000000
66465997.00000000000000000
66498672.00000000000000000
65663486.00000000000000000
66531610.00000000000000000
65959104.00000000000000000
66833218.00000000000000000
62772585.00000000000000000
66294652.00000000000000000
65650653.00000000000000000
65048219.00000000000000000
65899772.00000000000000000
64128984.00000000000000000
66817121.00000000000000000
66651898.00000000000000000
66758215.00000000000000000
64740431.00000000000000000
66081835.00000000000000000
66467513.00000000000000000
63797581.00000000000000000
63965189.00000000000000000
65412093.00000000000000000
63918574.00000000000000000
64247857.00000000000000000
68542666.00000000000000000
64748883.00000000000000000
66818484.00000000000000000
67246619.00000000000000000
65957796.00000000000000000
62681366.00000000000000000
66699334.00000000000000000
65594683.00000000000000000
66209973.00000000000000000
65786651.00000000000000000
65536137.00000000000000000
66545415.00000000000000000
64732464.00000000000000000
65508088.00000000000000000
64229010.00000000000000000
66178791.00000000000000000
66403204.00000000000000000
65619484.00000000000000000
66183733.00000000000000000
65879357.00000000000000000
66373263.00000000000000000
67586926.00000000000000000
64704536.00000000000000000
65324902.00000000000000000
65967033.00000000000000000
66105708.00000000000000000
65815474.00000000000000000
66727253.00000000000000000
65255829.00000000000000000
66933640.00000000000000000
67293829.00000000000000000
65580922.00000000000000000
66261891.00000000000000000
63722491.00000000000000000
65717535.00000000000000000
64709524.00000000000000000
67366495.00000000000000000
65270519.00000000000000000
65073971.00000000000000000
66558606.00000000000000000
65359607.00000000000000000
66512911.00000000000000000
64659875.00000000000000000
66727232.00000000000000000
64555434.00000000000000000
66674278.00000000000000000
67027001.00000000000000000
65734151.00000000000000000
67078714.00000000000000000
66483277.00000000000000000
67036443.00000000000000000
65029943.00000000000000000
65466912.00000000000000000
64401859.00000000000000000
67521506.00000000000000000
66225609.00000000000000000
66007468.00000000000000000
66036711.00000000000000000
66315833.00000000000000000
66379964.00000000000000000
67686433.00000000000000000
65528525.00000000000000000
67864194.00000000000000000
64469571.00000000000000000
66202133.00000000000000000
64496266.00000000000000000
65584530.00000000000000000
65734467.00000000000000000
65638404.00000000000000000
68110070.00000000000000000
66112134.00000000000000000

A*x-B is:
0.00000000000000000
0.00000000000000000
0.00000000000000000
0.00000000000000000
0.00000000000000000
0.00000000000000000
3.00000000000000000
0.00000000000000000
2.00000000000000000
4.00000000000000000
-3.00000000000000000
-5.00000000000000000
0.00000000000000000
2.00000000000000000
2.00000000000000000
-1.00000000000000000
4.00000000000000000
-2.00000000000000000
-5.00000000000000000
-5.00000000000000000
-3.00000000000000000
0.00000000000000000
-3.00000000000000000
3.00000000000000000
-2.00000000000000000
-2.00000000000000000
-2.00000000000000000
2.00000000000000000
-4.00000000000000000
-2.00000000000000000
3.00000000000000000
-5.00000000000000000
-3.00000000000000000
-4.00000000000000000
-2.00000000000000000
2.00000000000000000
-3.00000000000000000
1.00000000000000000
-1.00000000000000000
3.00000000000000000
-1.00000000000000000
-5.00000000000000000
0.00000000000000000
2.00000000000000000
0.00000000000000000
1.00000000000000000
4.00000000000000000
-1.00000000000000000
4.00000000000000000
-4.00000000000000000
1.00000000000000000
2.00000000000000000
-5.00000000000000000
-3.00000000000000000
1.00000000000000000
-3.00000000000000000
-2.00000000000000000
-3.00000000000000000
-5.00000000000000000
1.00000000000000000
-4.00000000000000000
-4.00000000000000000
2.00000000000000000
-2.00000000000000000
-1.00000000000000000
3.00000000000000000
-3.00000000000000000
2.00000000000000000
0.00000000000000000
2.00000000000000000
-4.00000000000000000
-4.00000000000000000
-1.00000000000000000
3.00000000000000000
-5.00000000000000000
2.00000000000000000
-5.00000000000000000
4.00000000000000000
-1.00000000000000000
-5.00000000000000000
0.00000000000000000
-6.00000000000000000
0.00000000000000000
35.00000000000000000
-31.00000000000000000
46.00000000000000000
-28.00000000000000000
-10.00000000000000000
-6.00000000000000000
-38.00000000000000000
-38.00000000000000000
-29.00000000000000000
30.00000000000000000
25.00000000000000000
-19.00000000000000000
-45.00000000000000000
-34.00000000000000000
32.00000000000000000
17.00000000000000000
-46.00000000000000000
-49.00000000000000000
-47.00000000000000000
16.00000000000000000
-13.00000000000000000
-29.00000000000000000
-18.00000000000000000
18.00000000000000000
29.00000000000000000
6.00000000000000000
-4.00000000000000000
-47.00000000000000000
35.00000000000000000
23.00000000000000000
-31.00000000000000000
10.00000000000000000
-34.00000000000000000
20.00000000000000000
46.00000000000000000
-32.00000000000000000
49.00000000000000000
-33.00000000000000000
4.00000000000000000
-7.00000000000000000
-15.00000000000000000
-8.00000000000000000
-43.00000000000000000
22.00000000000000000
-9.00000000000000000
-47.00000000000000000
-49.00000000000000000
-33.00000000000000000
-25.00000000000000000
-23.00000000000000000
-32.00000000000000000
-52.00000000000000000
22.00000000000000000
12.00000000000000000
-18.00000000000000000
13.00000000000000000
-42.00000000000000000
-37.00000000000000000
-1.00000000000000000
16.00000000000000000
37.00000000000000000
51.00000000000000000
8.00000000000000000
31.00000000000000000
44.00000000000000000
34.00000000000000000
6.00000000000000000
-37.00000000000000000
3.00000000000000000
23.00000000000000000
-36.00000000000000000
-49.00000000000000000
44.00000000000000000
-4.00000000000000000
-5.00000000000000000
5.00000000000000000
12.00000000000000000
5.00000000000000000
-28.00000000000000000
41.00000000000000000
43.00000000000000000
9.00000000000000000
-30.00000000000000000
29.00000000000000000
-36.00000000000000000
-28.00000000000000000
26.00000000000000000
-48.00000000000000000
43.00000000000000000
-47.00000000000000000
63.00000000000000000
-31.00000000000000000
-39.00000000000000000
-38.00000000000000000
-52.00000000000000000
-10.00000000000000000
-14.00000000000000000
-12.00000000000000000
-29.00000000000000000
21.00000000000000000
-6.00000000000000000
41.00000000000000000
-30.00000000000000000
31.00000000000000000
33.00000000000000000
20.00000000000000000
55.00000000000000000
2.00000000000000000
25.00000000000000000
-7.00000000000000000
24.00000000000000000
-48.00000000000000000
26.00000000000000000
44.00000000000000000
1.00000000000000000
3.00000000000000000
-42.00000000000000000
-34.00000000000000000
-17.00000000000000000
-21.00000000000000000
-36.00000000000000000
9.00000000000000000
-19.00000000000000000
10.00000000000000000
0.00000000000000000
-37.00000000000000000
41.00000000000000000
-13.00000000000000000
19.00000000000000000
45.00000000000000000
-32.00000000000000000
-38.00000000000000000
-17.00000000000000000
20.00000000000000000
7.00000000000000000
-37.00000000000000000
14.00000000000000000
-44.00000000000000000
39.00000000000000000
-9.00000000000000000
43.00000000000000000
52.00000000000000000
-8.00000000000000000
-38.00000000000000000
-42.00000000000000000
-5.00000000000000000
-39.00000000000000000
23.00000000000000000
-25.00000000000000000
21.00000000000000000
5.00000000000000000
14.00000000000000000
-66.00000000000000000
25.00000000000000000
-29.00000000000000000
35.00000000000000000
-11.00000000000000000
-11.00000000000000000
-21.00000000000000000
-17.00000000000000000
-46.00000000000000000
4.00000000000000000
-51.00000000000000000
37.00000000000000000
26.00000000000000000
-10.00000000000000000
32.00000000000000000
-7.00000000000000000
18.00000000000000000
22.00000000000000000
-4.00000000000000000
42.00000000000000000
15.00000000000000000
-44.00000000000000000
18.00000000000000000
-25.00000000000000000
5.00000000000000000
10.00000000000000000
3.00000000000000000
-8.00000000000000000
-9.00000000000000000
-6.00000000000000000
-41.00000000000000000
-41.00000000000000000
-9.00000000000000000
-72.00000000000000000
30.00000000000000000
-3.00000000000000000
41.00000000000000000
-52.00000000000000000
-53.00000000000000000
-31.00000000000000000
19.00000000000000000
30.00000000000000000
-49.00000000000000000
45.00000000000000000
4.00000000000000000
-33.00000000000000000
-45.00000000000000000
39.00000000000000000
-24.00000000000000000
-24.00000000000000000
-43.00000000000000000
-9.00000000000000000
-47.00000000000000000
-41.00000000000000000
14.00000000000000000
-41.00000000000000000
33.00000000000000000
-5.00000000000000000
7.00000000000000000
16.00000000000000000
1.00000000000000000
-21.00000000000000000
-27.00000000000000000
2.00000000000000000
36.00000000000000000
31.00000000000000000
-45.00000000000000000
-37.00000000000000000
-54.00000000000000000
26.00000000000000000
46.00000000000000000
63.00000000000000000
-39.00000000000000000
-25.00000000000000000
-8.00000000000000000
45.00000000000000000
-36.00000000000000000
-17.00000000000000000
35.00000000000000000
57.00000000000000000
16.00000000000000000
32.00000000000000000
-42.00000000000000000
-8.00000000000000000
20.00000000000000000
7.00000000000000000
-17.00000000000000000
17.00000000000000000
18.00000000000000000
-46.00000000000000000
-45.00000000000000000
-48.00000000000000000
-21.00000000000000000
37.00000000000000000
-51.00000000000000000
-14.00000000000000000
0.00000000000000000
39.00000000000000000
-24.00000000000000000
-49.00000000000000000
-21.00000000000000000
-14.00000000000000000
-38.00000000000000000
62.00000000000000000
-6.00000000000000000
-10.00000000000000000
-17.00000000000000000
-22.00000000000000000
-39.00000000000000000
-41.00000000000000000
44.00000000000000000
3.00000000000000000
-20.00000000000000000
-9.00000000000000000
-42.00000000000000000
31.00000000000000000
43.00000000000000000
16.00000000000000000
24.00000000000000000
-58.00000000000000000
5.00000000000000000
52.00000000000000000
-26.00000000000000000
9.00000000000000000
3.00000000000000000
44.00000000000000000
21.00000000000000000
2.00000000000000000
20.00000000000000000
14.00000000000000000
27.00000000000000000
16.00000000000000000
-57.00000000000000000
51.00000000000000000
8.00000000000000000
-42.00000000000000000
-12.00000000000000000
40.00000000000000000
21.00000000000000000
22.00000000000000000
60.00000000000000000
-2.00000000000000000
-40.00000000000000000
-66.00000000000000000
9.00000000000000000
-37.00000000000000000
-11.00000000000000000
-62.00000000000000000
-3.00000000000000000
11.00000000000000000
-27.00000000000000000
2.00000000000000000
-38.00000000000000000
13.00000000000000000
19.00000000000000000
-11.00000000000000000
58.00000000000000000
-19.00000000000000000
24.00000000000000000
1.00000000000000000
-43.00000000000000000
-23.00000000000000000
-18.00000000000000000
67.00000000000000000
42.00000000000000000
-56.00000000000000000
2.00000000000000000
48.00000000000000000
15.00000000000000000
41.00000000000000000
30.00000000000000000
-28.00000000000000000
58.00000000000000000
7.00000000000000000
-11.00000000000000000
-20.00000000000000000
1.00000000000000000
53.00000000000000000
12.00000000000000000
59.00000000000000000
31.00000000000000000
11.00000000000000000
-48.00000000000000000
0.00000000000000000
-30.00000000000000000
-24.00000000000000000
41.00000000000000000
-33.00000000000000000
64.00000000000000000
-13.00000000000000000
-2.00000000000000000
-19.00000000000000000
-7.00000000000000000
-66.00000000000000000
-10.00000000000000000
20.00000000000000000
-40.00000000000000000
-2.00000000000000000
55.00000000000000000
14.00000000000000000
63.00000000000000000
-24.00000000000000000
-41.00000000000000000
28.00000000000000000
-1.00000000000000000
45.00000000000000000
-15.00000000000000000
50.00000000000000000
-20.00000000000000000
-26.00000000000000000
-1.00000000000000000
18.00000000000000000
32.00000000000000000
-25.00000000000000000
-11.00000000000000000
-31.00000000000000000
-57.00000000000000000
53.00000000000000000
-67.00000000000000000
42.00000000000000000
-29.00000000000000000
-22.00000000000000000
-9.00000000000000000
-10.00000000000000000
-49.00000000000000000
-48.00000000000000000
30.00000000000000000
17.00000000000000000
21.00000000000000000
-72.00000000000000000
8.00000000000000000
-3.00000000000000000
61.00000000000000000
12.00000000000000000
9.00000000000000000
51.00000000000000000
-20.00000000000000000
50.00000000000000000
45.00000000000000000
6.00000000000000000
-34.00000000000000000
-27.00000000000000000
7.00000000000000000
39.00000000000000000
-4.00000000000000000
-31.00000000000000000
-50.00000000000000000
-60.00000000000000000
17.00000000000000000
-50.00000000000000000
62.00000000000000000
38.00000000000000000
-34.00000000000000000
-12.00000000000000000
41.00000000000000000
-57.00000000000000000
14.00000000000000000
-8.00000000000000000
-63.00000000000000000
-103.00000000000000000
-29.00000000000000000
-66.00000000000000000
13.00000000000000000
15.00000000000000000
-25.00000000000000000
25.00000000000000000
31.00000000000000000
-15.00000000000000000
-32.00000000000000000
71.00000000000000000
66.00000000000000000
52.00000000000000000
-27.00000000000000000
-6.00000000000000000
19.00000000000000000
-18.00000000000000000
-3.00000000000000000
28.00000000000000000
40.00000000000000000
-1.00000000000000000
-26.00000000000000000
-15.00000000000000000
44.00000000000000000
10.00000000000000000
-22.00000000000000000
-8.00000000000000000
-18.00000000000000000
9.00000000000000000
-21.00000000000000000
16.00000000000000000
14.00000000000000000
-14.00000000000000000
-26.00000000000000000
88.00000000000000000
33.00000000000000000
21.00000000000000000
23.00000000000000000
35.00000000000000000
40.00000000000000000
11.00000000000000000
24.00000000000000000
63.00000000000000000
6.00000000000000000
-2.00000000000000000
-84.00000000000000000
48.00000000000000000
47.00000000000000000
36.00000000000000000
-26.00000000000000000
16.00000000000000000
47.00000000000000000
20.00000000000000000
-57.00000000000000000
-32.00000000000000000
-42.00000000000000000
-28.00000000000000000
2.00000000000000000
29.00000000000000000
-68.00000000000000000
-40.00000000000000000
-25.00000000000000000
-15.00000000000000000
58.00000000000000000
6.00000000000000000
-11.00000000000000000
41.00000000000000000
51.00000000000000000
42.00000000000000000
-33.00000000000000000
20.00000000000000000
2.00000000000000000
39.00000000000000000
-18.00000000000000000
11.00000000000000000
41.00000000000000000
-56.00000000000000000
-19.00000000000000000
4.00000000000000000
-40.00000000000000000
-24.00000000000000000
-32.00000000000000000
-50.00000000000000000
33.00000000000000000
1.00000000000000000
-10.00000000000000000
-84.00000000000000000
-64.00000000000000000
31.00000000000000000
-33.00000000000000000
-4.00000000000000000
13.00000000000000000
3.00000000000000000
-14.00000000000000000
21.00000000000000000
-9.00000000000000000
-58.00000000000000000
-34.00000000000000000
29.00000000000000000
-54.00000000000000000
63.00000000000000000
38.00000000000000000
45.00000000000000000
-38.00000000000000000
6.00000000000000000
-46.00000000000000000
-9.00000000000000000
-56.00000000000000000
14.00000000000000000
2.00000000000000000
63.00000000000000000
47.00000000000000000
48.00000000000000000
-11.00000000000000000
-47.00000000000000000
-32.00000000000000000
7.00000000000000000
-48.00000000000000000
33.00000000000000000
61.00000000000000000
3.00000000000000000
-13.00000000000000000
-8.00000000000000000
14.00000000000000000
-51.00000000000000000
14.00000000000000000
16.00000000000000000
36.00000000000000000
-80.00000000000000000
26.00000000000000000
21.00000000000000000
-27.00000000000000000
12.00000000000000000
39.00000000000000000
49.00000000000000000
13.00000000000000000
-15.00000000000000000
70.00000000000000000
3.00000000000000000
15.00000000000000000
40.00000000000000000
-4.00000000000000000
-64.00000000000000000
14.00000000000000000
35.00000000000000000
-34.00000000000000000
-15.00000000000000000
-35.00000000000000000
-7.00000000000000000
87.00000000000000000
38.00000000000000000
-60.00000000000000000
-29.00000000000000000
-34.00000000000000000
-18.00000000000000000
9.00000000000000000
23.00000000000000000
27.00000000000000000
-42.00000000000000000
3.00000000000000000
-23.00000000000000000
-34.00000000000000000
26.00000000000000000
32.00000000000000000
10.00000000000000000
-23.00000000000000000
-4.00000000000000000
29.00000000000000000
-80.00000000000000000
-56.00000000000000000
12.00000000000000000
-51.00000000000000000
-13.00000000000000000
-62.00000000000000000
34.00000000000000000
41.00000000000000000
-18.00000000000000000
47.00000000000000000
28.00000000000000000
82.00000000000000000
40.00000000000000000
23.00000000000000000
-36.00000000000000000
16.00000000000000000
-24.00000000000000000
-21.00000000000000000
-40.00000000000000000
9.00000000000000000
-28.00000000000000000
-12.00000000000000000
13.00000000000000000
7.00000000000000000
-43.00000000000000000
2.00000000000000000
-61.00000000000000000
20.00000000000000000
42.00000000000000000
3.00000000000000000
16.00000000000000000
-1.00000000000000000
50.00000000000000000
7.00000000000000000
69.00000000000000000
-71.00000000000000000
-41.00000000000000000
5.00000000000000000
-27.00000000000000000
6.00000000000000000
-47.00000000000000000
71.00000000000000000
52.00000000000000000
40.00000000000000000
42.00000000000000000
37.00000000000000000
4.00000000000000000
-9.00000000000000000
-25.00000000000000000
-11.00000000000000000
-41.00000000000000000
-31.00000000000000000
26.00000000000000000
-37.00000000000000000
4.00000000000000000
-55.00000000000000000
-9.00000000000000000
-24.00000000000000000
-17.00000000000000000
-21.00000000000000000
49.00000000000000000
10.00000000000000000
-33.00000000000000000
21.00000000000000000
-17.00000000000000000
-7.00000000000000000
52.00000000000000000
30.00000000000000000
43.00000000000000000
1.00000000000000000
4.00000000000000000
-8.00000000000000000
-3.00000000000000000
50.00000000000000000
-52.00000000000000000
-3.00000000000000000
17.00000000000000000
13.00000000000000000
13.00000000000000000
5.00000000000000000
-17.00000000000000000
71.00000000000000000
-29.00000000000000000
36.00000000000000000
12.00000000000000000
7.00000000000000000
-19.00000000000000000
-64.00000000000000000
-26.00000000000000000
62.00000000000000000
20.00000000000000000
27.00000000000000000
-19.00000000000000000
-13.00000000000000000
39.00000000000000000
-38.00000000000000000
7.00000000000000000
-54.00000000000000000
32.00000000000000000
3.00000000000000000
-57.00000000000000000
41.00000000000000000
60.00000000000000000
17.00000000000000000
31.00000000000000000
-26.00000000000000000
-5.00000000000000000
13.00000000000000000
-48.00000000000000000
36.00000000000000000
34.00000000000000000
-58.00000000000000000
3.00000000000000000
-7.00000000000000000
-7.00000000000000000
52.00000000000000000
51.00000000000000000
32.00000000000000000
41.00000000000000000
-3.00000000000000000
-36.00000000000000000
-14.00000000000000000
66.00000000000000000
-38.00000000000000000
-38.00000000000000000
-7.00000000000000000
-22.00000000000000000
-45.00000000000000000
24.00000000000000000
39.00000000000000000
55.00000000000000000
-10.00000000000000000
24.00000000000000000
16.00000000000000000
-51.00000000000000000
20.00000000000000000
-49.00000000000000000
-11.00000000000000000
6.00000000000000000
4.00000000000000000
92.00000000000000000
14.00000000000000000
32.00000000000000000
-59.00000000000000000
34.00000000000000000
17.00000000000000000
-20.00000000000000000
19.00000000000000000
-3.00000000000000000
6.00000000000000000
-24.00000000000000000
-67.00000000000000000
-25.00000000000000000
-15.00000000000000000
-52.00000000000000000
-13.00000000000000000
-13.00000000000000000
-8.00000000000000000
-37.00000000000000000
55.00000000000000000
-55.00000000000000000
68.00000000000000000
24.00000000000000000
21.00000000000000000
21.00000000000000000
3.00000000000000000
77.00000000000000000
-4.00000000000000000
-5.00000000000000000
21.00000000000000000
-16.00000000000000000
59.00000000000000000
32.00000000000000000
24.00000000000000000
39.00000000000000000
73.00000000000000000
5.00000000000000000
41.00000000000000000
62.00000000000000000
-29.00000000000000000
13.00000000000000000
-65.00000000000000000
-35.00000000000000000
57.00000000000000000
-2.00000000000000000
-32.00000000000000000
-27.00000000000000000
-5.00000000000000000
32.00000000000000000
-24.00000000000000000
-50.00000000000000000
-48.00000000000000000
-23.00000000000000000
-7.00000000000000000
-18.00000000000000000
-9.00000000000000000
-25.00000000000000000
-6.00000000000000000
22.00000000000000000
55.00000000000000000
-31.00000000000000000
-53.00000000000000000
-26.00000000000000000
-44.00000000000000000
-70.00000000000000000
-9.00000000000000000
-28.00000000000000000
4.00000000000000000
7.00000000000000000
18.00000000000000000
24.00000000000000000
47.00000000000000000
15.00000000000000000
33.00000000000000000
-13.00000000000000000
-9.00000000000000000
-32.00000000000000000
38.00000000000000000
-23.00000000000000000
15.00000000000000000
-49.00000000000000000
19.00000000000000000
43.00000000000000000
-20.00000000000000000
46.00000000000000000
-21.00000000000000000
-3.00000000000000000
-21.00000000000000000
2.00000000000000000
41.00000000000000000
55.00000000000000000
-38.00000000000000000
-4.00000000000000000
-33.00000000000000000
-31.00000000000000000
-38.00000000000000000
9.00000000000000000
43.00000000000000000
-43.00000000000000000
-18.00000000000000000
36.00000000000000000
13.00000000000000000
54.00000000000000000
22.00000000000000000
-25.00000000000000000
-21.00000000000000000
55.00000000000000000
43.00000000000000000
10.00000000000000000
-26.00000000000000000
63.00000000000000000
-13.00000000000000000
-7.00000000000000000
-40.00000000000000000
25.00000000000000000
26.00000000000000000
-33.00000000000000000
31.00000000000000000
-4.00000000000000000
55.00000000000000000
-37.00000000000000000
19.00000000000000000
44.00000000000000000
-39.00000000000000000
14.00000000000000000
-29.00000000000000000
32.00000000000000000
20.00000000000000000
-3.00000000000000000
72.00000000000000000
-14.00000000000000000
10.00000000000000000
4.00000000000000000
18.00000000000000000
-15.00000000000000000
-48.00000000000000000
-47.00000000000000000
19.00000000000000000
-28.00000000000000000
-16.00000000000000000
21.00000000000000000
-2.00000000000000000
15.00000000000000000
31.00000000000000000
35.00000000000000000
13.00000000000000000
-19.00000000000000000
-11.00000000000000000
-7.00000000000000000
-26.00000000000000000
-43.00000000000000000
66.00000000000000000
-17.00000000000000000
-16.00000000000000000
19.00000000000000000
-4.00000000000000000
-34.00000000000000000
34.00000000000000000
-17.00000000000000000
-27.00000000000000000
-49.00000000000000000
37.00000000000000000
15.00000000000000000
-36.00000000000000000
-12.00000000000000000
10.00000000000000000
-9.00000000000000000
4.00000000000000000
-16.00000000000000000
33.00000000000000000
-43.00000000000000000
-37.00000000000000000
-74.00000000000000000
36.00000000000000000
102.00000000000000000
33.00000000000000000
8.00000000000000000
-26.00000000000000000
-47.00000000000000000
29.00000000000000000
40.00000000000000000
29.00000000000000000
22.00000000000000000
-9.00000000000000000
91.00000000000000000
35.00000000000000000
24.00000000000000000
-5.00000000000000000
19.00000000000000000
-29.00000000000000000
6.00000000000000000
7.00000000000000000
11.00000000000000000
75.00000000000000000
32.00000000000000000
-66.00000000000000000
-22.00000000000000000
1.00000000000000000
51.00000000000000000
14.00000000000000000
-23.00000000000000000
43.00000000000000000
-57.00000000000000000
12.00000000000000000
-41.00000000000000000
6.00000000000000000
9.00000000000000000
-32.00000000000000000
11.00000000000000000
33.00000000000000000
-36.00000000000000000
33.00000000000000000
-75.00000000000000000
-6.00000000000000000
-29.00000000000000000
33.00000000000000000
-34.00000000000000000
30.00000000000000000
67.00000000000000000
4.00000000000000000
-30.00000000000000000
34.00000000000000000

Matrix Dimension: 1024

 Number of threads: 1    Run time: 3.05600000000000005e+00
 Number of threads: 2    Run time: 1.49500000000000011e+00
 Number of threads: 4    Run time: 7.54000000000000004e-01
 Number of threads: 8    Run time: 3.80000000000000004e-01
 Number of threads: 16   Run time: 1.98000000000000009e-01
 Number of threads: 32   Run time: 1.00000000000000006e-01
 Number of threads: 64   Run time: 5.09999999999999967e-02
 Number of threads: 128  Run time: 2.59999999999999988e-02
 Number of threads: 256  Run time: 1.29999999999999994e-02
 Number of threads: 512  Run time: 8.00000000000000017e-03
 Number of threads: 1024         Run time: 4.00000000000000008e-03
 Number of threads: 2048         Run time: 3.00000000000000006e-03
C:\Users\alam23\source\repos\lab2\Lab21\x64\Debug\Part2.exe (process 11612) exited with code 0.
To automatically close the console when debugging stops, enable Tools->Options->Debugging->Automatically close the console when debugging stops.
Press any key to close this window . . .
