
A*x is:
78444
221954.00000000000000000
208980.00000000000000000
207637.00000000000000000
450659.00000000000000000
376343.00000000000000000
515596.00000000000000000
451908.00000000000000000
606882.00000000000000000
580464.00000000000000000
665295.00000000000000000
838102.00000000000000000
705658.00000000000000000
801428.00000000000000000
925042.00000000000000000
1293206.00000000000000000
1227936.00000000000000000
1168315.00000000000000000
1166602.00000000000000000
1082399.00000000000000000
1175994.00000000000000000
1605560.00000000000000000
1295392.00000000000000000
1874451.00000000000000000
1517607.00000000000000000
1626081.00000000000000000
1460338.00000000000000000
2187101.00000000000000000
2158329.00000000000000000
1814814.00000000000000000
1896241.00000000000000000
1876563.00000000000000000
2138544.00000000000000000
2133801.00000000000000000
2147089.00000000000000000
2126572.00000000000000000
1931433.00000000000000000
2494017.00000000000000000
2329022.00000000000000000
2364108.00000000000000000
2593360.00000000000000000
2466794.00000000000000000
2773816.00000000000000000
2707704.00000000000000000
2511360.00000000000000000
2723000.00000000000000000
2435199.00000000000000000
2603480.00000000000000000
3030009.00000000000000000
2973767.00000000000000000
3281733.00000000000000000
3060328.00000000000000000
3224333.00000000000000000
3073352.00000000000000000
3241650.00000000000000000
3503938.00000000000000000
3263166.00000000000000000
3643672.00000000000000000
3454724.00000000000000000
3484135.00000000000000000
3744410.00000000000000000
3801103.00000000000000000
4017813.00000000000000000
3893863.00000000000000000
4025880.00000000000000000
4155616.00000000000000000
3741114.00000000000000000
4016978.00000000000000000
3919236.00000000000000000
4160863.00000000000000000
4347581.00000000000000000
4060413.00000000000000000
4732727.00000000000000000
4970435.00000000000000000
4603701.00000000000000000
4705982.00000000000000000
4511289.00000000000000000
4548450.00000000000000000
4470877.00000000000000000
4555041.00000000000000000
4739310.00000000000000000
5061681.00000000000000000
4624625.00000000000000000
5273980.00000000000000000
5049620.00000000000000000
5141307.00000000000000000
5316960.00000000000000000
5358284.00000000000000000
5164820.00000000000000000
4800496.00000000000000000
5069457.00000000000000000
5456371.00000000000000000
5491919.00000000000000000
5557641.00000000000000000
4805443.00000000000000000
5205208.00000000000000000
5958604.00000000000000000
5552896.00000000000000000
5732904.00000000000000000
5750716.00000000000000000
5945442.00000000000000000
5714524.00000000000000000
6391800.00000000000000000
5847636.00000000000000000
6451272.00000000000000000
6132793.00000000000000000
6332927.00000000000000000
5708804.00000000000000000
5968183.00000000000000000
6047067.00000000000000000
5914202.00000000000000000
6501501.00000000000000000
6706910.00000000000000000
6037097.00000000000000000
6543590.00000000000000000
6833342.00000000000000000
6378758.00000000000000000
6767227.00000000000000000
7237923.00000000000000000
7016858.00000000000000000
6825991.00000000000000000
7542920.00000000000000000
7516364.00000000000000000
6493553.00000000000000000
7272045.00000000000000000
6855538.00000000000000000
7053437.00000000000000000
7521791.00000000000000000
7213303.00000000000000000
7375702.00000000000000000
7622626.00000000000000000
7202565.00000000000000000
7130714.00000000000000000
7106255.00000000000000000
8154654.00000000000000000
7583227.00000000000000000
6971502.00000000000000000
7568385.00000000000000000
7405144.00000000000000000
7822875.00000000000000000
8158227.00000000000000000
7645051.00000000000000000
7889173.00000000000000000
8037973.00000000000000000
8288209.00000000000000000
7979845.00000000000000000
7976303.00000000000000000
8215939.00000000000000000
8070399.00000000000000000
7671493.00000000000000000
7965253.00000000000000000
8552844.00000000000000000
8099975.00000000000000000
8215625.00000000000000000
8487857.00000000000000000
7909963.00000000000000000
8563476.00000000000000000
8443649.00000000000000000
8496618.00000000000000000
9322966.00000000000000000
8883159.00000000000000000
8708025.00000000000000000
8754728.00000000000000000
9044025.00000000000000000
8562795.00000000000000000
9376212.00000000000000000
9127847.00000000000000000
9185600.00000000000000000
9259111.00000000000000000
8675160.00000000000000000
8626429.00000000000000000
9451724.00000000000000000
9478342.00000000000000000
9965619.00000000000000000
9252152.00000000000000000
9451737.00000000000000000
9511661.00000000000000000
9587041.00000000000000000
9241685.00000000000000000
9156715.00000000000000000
9756436.00000000000000000
9533569.00000000000000000
8922651.00000000000000000
9276951.00000000000000000
9825719.50000000000000000
9596679.00000000000000000
9778185.00000000000000000
9846050.00000000000000000
9713070.00000000000000000
8850034.00000000000000000
9836165.00000000000000000
10241677.00000000000000000
9918214.00000000000000000
10167916.00000000000000000
9921724.00000000000000000
10406026.00000000000000000
10869000.00000000000000000
10024816.00000000000000000
10567365.00000000000000000
10346560.00000000000000000
9648214.00000000000000000
10597908.00000000000000000
10276439.00000000000000000
9672984.00000000000000000
10634888.00000000000000000
11039932.00000000000000000
10282654.00000000000000000
10426467.00000000000000000
11274841.00000000000000000
11000491.00000000000000000
11284190.00000000000000000
11377078.00000000000000000
10611150.00000000000000000
10647300.00000000000000000
11072524.00000000000000000
10639827.00000000000000000
10664025.00000000000000000
10612476.00000000000000000
11668414.00000000000000000
11088383.00000000000000000
11475457.00000000000000000
10889212.00000000000000000
11212347.00000000000000000
10780077.00000000000000000
11136377.00000000000000000
11029041.00000000000000000
11435157.00000000000000000
11075225.00000000000000000
11393884.00000000000000000
10882189.00000000000000000
10180394.00000000000000000
11501913.00000000000000000
10836735.00000000000000000
12101835.00000000000000000
12065475.00000000000000000
12544564.00000000000000000
11643096.00000000000000000
11888977.00000000000000000
11948326.00000000000000000
11305296.00000000000000000
12486053.00000000000000000
10983179.00000000000000000
12346451.00000000000000000
12417500.00000000000000000
12255637.00000000000000000
12504367.00000000000000000
12769686.00000000000000000
12489573.00000000000000000
12366876.00000000000000000
12238443.00000000000000000
12676637.00000000000000000
12039333.00000000000000000
11969156.00000000000000000
13152237.00000000000000000
12718906.00000000000000000
11873803.00000000000000000
13304538.00000000000000000
12346845.00000000000000000
12504803.00000000000000000
12805815.00000000000000000
12937101.00000000000000000
13165272.00000000000000000
12600737.00000000000000000
12743666.00000000000000000
12610311.00000000000000000
12108586.00000000000000000
13310842.00000000000000000
12793978.00000000000000000
12666784.00000000000000000
12612864.00000000000000000
13146054.00000000000000000
13051474.00000000000000000
12561765.00000000000000000
12231306.00000000000000000
12993159.00000000000000000
13475117.00000000000000000
12912115.00000000000000000
12242694.00000000000000000
12621701.00000000000000000
13298002.00000000000000000
13427246.00000000000000000
13415815.00000000000000000
12796176.00000000000000000
13418938.00000000000000000
13245093.00000000000000000
13230562.00000000000000000
12976795.00000000000000000
13229070.00000000000000000
12918443.00000000000000000
13116851.00000000000000000
13009953.00000000000000000
12593297.00000000000000000
13118311.00000000000000000
13070132.00000000000000000
13297900.00000000000000000
13551299.00000000000000000
13211928.00000000000000000
13389627.00000000000000000
13231876.00000000000000000
13245925.00000000000000000
13944393.00000000000000000
12982626.00000000000000000
14158249.00000000000000000
13821054.00000000000000000
14220920.00000000000000000
13613431.00000000000000000
14105388.00000000000000000
14071907.00000000000000000
14320008.00000000000000000
14369285.00000000000000000
14065214.00000000000000000
14076850.00000000000000000
14180996.00000000000000000
13841709.00000000000000000
14323648.00000000000000000
13492386.00000000000000000
13366735.00000000000000000
14431508.00000000000000000
13945959.00000000000000000
14709267.00000000000000000
13560260.00000000000000000
13709061.00000000000000000
14240933.00000000000000000
15030346.00000000000000000
14250258.00000000000000000
13895362.00000000000000000
14640370.00000000000000000
13835057.00000000000000000
14327812.00000000000000000
13957017.00000000000000000
14307153.00000000000000000
14935597.00000000000000000
14289081.00000000000000000
14574462.00000000000000000
15246265.00000000000000000
14762430.00000000000000000
14302067.00000000000000000
14971627.00000000000000000
15066036.00000000000000000
15154415.00000000000000000
14986112.00000000000000000
14807454.00000000000000000
14511780.00000000000000000
14491698.00000000000000000
15450297.00000000000000000
14672839.00000000000000000
14929841.00000000000000000
14665050.00000000000000000
16405376.00000000000000000
14779993.00000000000000000
14452639.00000000000000000
14736870.00000000000000000
15166967.00000000000000000
14965770.00000000000000000
14926956.00000000000000000
14927464.00000000000000000
14641475.00000000000000000
15234208.00000000000000000
15401481.00000000000000000
14783766.00000000000000000
14994291.00000000000000000
15554786.00000000000000000
15593592.00000000000000000
15334341.00000000000000000
14707122.00000000000000000
14890705.00000000000000000
14831034.00000000000000000
15509137.00000000000000000
15797868.00000000000000000
14661302.00000000000000000
14994541.00000000000000000
15196673.00000000000000000
15933357.00000000000000000
15056934.00000000000000000
15239591.00000000000000000
15323789.00000000000000000
14788559.00000000000000000
15596116.00000000000000000
15617377.00000000000000000
15777730.00000000000000000
15561855.00000000000000000
16558348.00000000000000000
15432312.00000000000000000
15458587.00000000000000000
14905635.00000000000000000
15812890.00000000000000000
15585575.00000000000000000
15271944.00000000000000000
16153731.00000000000000000
15526630.00000000000000000
15445263.00000000000000000
14996901.00000000000000000
16198774.00000000000000000
14898704.00000000000000000
16106777.00000000000000000
15889642.00000000000000000
15968826.00000000000000000
16262639.00000000000000000
15521030.00000000000000000
16041257.00000000000000000
15808159.00000000000000000
15833692.00000000000000000
15746945.00000000000000000
15455614.00000000000000000
15144245.00000000000000000
16431999.00000000000000000
15998371.00000000000000000
16598776.00000000000000000
15592760.00000000000000000
15696145.00000000000000000
16479908.00000000000000000
14338000.00000000000000000
16141633.00000000000000000
15570245.00000000000000000
16365027.00000000000000000
16245345.00000000000000000
15769419.00000000000000000
15097954.00000000000000000
16114547.00000000000000000
16681076.00000000000000000
16023296.00000000000000000
16323134.00000000000000000
16058304.00000000000000000
15727496.00000000000000000
15212002.00000000000000000
15651143.00000000000000000
16190703.00000000000000000
16392379.00000000000000000
16058438.00000000000000000
15901945.00000000000000000
16092372.00000000000000000
16645240.00000000000000000
16219062.00000000000000000
16268045.00000000000000000
15433298.00000000000000000
15934614.00000000000000000
15495183.00000000000000000
15509847.00000000000000000
16315099.00000000000000000
16067529.00000000000000000
16547206.00000000000000000
15923758.00000000000000000
15541608.00000000000000000
16772686.00000000000000000
16415454.00000000000000000
16149650.00000000000000000
16145533.00000000000000000
16294351.00000000000000000
15967387.00000000000000000
16084905.00000000000000000
17011581.00000000000000000
17196037.00000000000000000
16428710.00000000000000000
16919601.00000000000000000
15178498.00000000000000000
16499096.00000000000000000
16227917.00000000000000000
16225161.00000000000000000
16015540.00000000000000000
16431704.00000000000000000
16308057.00000000000000000
16514418.00000000000000000
17398346.00000000000000000
15966169.00000000000000000
16576944.00000000000000000
16158900.00000000000000000
17619576.00000000000000000
16687432.00000000000000000
16794644.00000000000000000
16116492.00000000000000000
16653443.00000000000000000
16403764.00000000000000000
16455585.00000000000000000
16205138.00000000000000000
16592517.00000000000000000
15888062.00000000000000000
16803004.00000000000000000
16495850.00000000000000000
16982961.00000000000000000
15706315.00000000000000000
16489978.00000000000000000
16261142.00000000000000000
16452591.00000000000000000
16491911.00000000000000000
17109382.00000000000000000
16456842.00000000000000000
16998203.00000000000000000
16832111.00000000000000000
15851116.00000000000000000
16149538.00000000000000000
16514720.00000000000000000
16274021.00000000000000000
15945542.00000000000000000
16551964.00000000000000000
17585553.00000000000000000
16091489.00000000000000000
16370807.00000000000000000
16002515.00000000000000000
16249485.00000000000000000
16710585.00000000000000000
16655549.00000000000000000
16267042.00000000000000000
16648065.00000000000000000
16818551.00000000000000000
16443067.00000000000000000
16512690.00000000000000000
16798378.00000000000000000
17002737.00000000000000000
17102518.00000000000000000
16300820.00000000000000000
16428940.00000000000000000
16059286.00000000000000000

A*x-B is:
0.00000000000000000
0.00000000000000000
0.00000000000000000
0.00000000000000000
0.00000000000000000
0.00000000000000000
0.00000000000000000
0.00000000000000000
0.00000000000000000
0.00000000000000000
0.00000000000000000
0.00000000000000000
0.00000000000000000
0.00000000000000000
0.00000000000000000
-4.00000000000000000
-4.00000000000000000
-5.00000000000000000
2.00000000000000000
-1.00000000000000000
4.00000000000000000
0.00000000000000000
2.00000000000000000
1.00000000000000000
-3.00000000000000000
1.00000000000000000
-2.00000000000000000
1.00000000000000000
-1.00000000000000000
4.00000000000000000
1.00000000000000000
3.00000000000000000
4.00000000000000000
1.00000000000000000
-1.00000000000000000
2.00000000000000000
3.00000000000000000
-3.00000000000000000
2.00000000000000000
-2.00000000000000000
0.00000000000000000
4.00000000000000000
-4.00000000000000000
4.00000000000000000
0.00000000000000000
0.00000000000000000
-1.00000000000000000
0.00000000000000000
-1.00000000000000000
-3.00000000000000000
3.00000000000000000
-2.00000000000000000
3.00000000000000000
2.00000000000000000
0.00000000000000000
-2.00000000000000000
-4.00000000000000000
2.00000000000000000
4.00000000000000000
-5.00000000000000000
0.00000000000000000
3.00000000000000000
3.00000000000000000
3.00000000000000000
0.00000000000000000
-4.00000000000000000
4.00000000000000000
-2.00000000000000000
-4.00000000000000000
3.00000000000000000
1.00000000000000000
3.00000000000000000
-3.00000000000000000
-5.00000000000000000
1.00000000000000000
2.00000000000000000
-1.00000000000000000
0.00000000000000000
-3.00000000000000000
1.00000000000000000
0.00000000000000000
1.00000000000000000
-5.00000000000000000
0.00000000000000000
0.00000000000000000
-3.00000000000000000
0.00000000000000000
4.00000000000000000
0.00000000000000000
-4.00000000000000000
-3.00000000000000000
1.00000000000000000
-1.00000000000000000
1.00000000000000000
3.00000000000000000
-2.00000000000000000
4.00000000000000000
-4.00000000000000000
4.00000000000000000
-4.00000000000000000
2.00000000000000000
4.00000000000000000
0.00000000000000000
-4.00000000000000000
2.00000000000000000
3.00000000000000000
-3.00000000000000000
4.00000000000000000
3.00000000000000000
-3.00000000000000000
2.00000000000000000
1.00000000000000000
0.00000000000000000
-3.00000000000000000
0.00000000000000000
2.00000000000000000
-2.00000000000000000
-3.00000000000000000
3.00000000000000000
-2.00000000000000000
1.00000000000000000
0.00000000000000000
4.00000000000000000
3.00000000000000000
-5.00000000000000000
-2.00000000000000000
-3.00000000000000000
1.00000000000000000
3.00000000000000000
2.00000000000000000
-4.00000000000000000
-5.00000000000000000
4.00000000000000000
-5.00000000000000000
4.00000000000000000
-3.00000000000000000
2.00000000000000000
-5.00000000000000000
4.00000000000000000
-5.00000000000000000
-3.00000000000000000
1.00000000000000000
3.00000000000000000
3.00000000000000000
-1.00000000000000000
-5.00000000000000000
3.00000000000000000
-1.00000000000000000
-1.00000000000000000
3.00000000000000000
3.00000000000000000
4.00000000000000000
-5.00000000000000000
-5.00000000000000000
-3.00000000000000000
3.00000000000000000
-4.00000000000000000
-1.00000000000000000
-2.00000000000000000
-4.00000000000000000
-1.00000000000000000
-5.00000000000000000
-2.00000000000000000
-5.00000000000000000
-5.00000000000000000
2.00000000000000000
-3.00000000000000000
0.00000000000000000
1.00000000000000000
0.00000000000000000
-1.00000000000000000
4.00000000000000000
2.00000000000000000
-1.00000000000000000
2.00000000000000000
-3.00000000000000000
1.00000000000000000
1.00000000000000000
-5.00000000000000000
-5.00000000000000000
-4.00000000000000000
-1.00000000000000000
1.00000000000000000
1.00000000000000000
-0.50000000000000000
-1.00000000000000000
-5.00000000000000000
0.00000000000000000
0.00000000000000000
4.00000000000000000
-5.00000000000000000
-23.00000000000000000
4.00000000000000000
16.00000000000000000
4.00000000000000000
26.00000000000000000
0.00000000000000000
16.00000000000000000
-35.00000000000000000
-40.00000000000000000
4.00000000000000000
8.00000000000000000
39.00000000000000000
4.00000000000000000
-12.00000000000000000
32.00000000000000000
-46.00000000000000000
-33.00000000000000000
41.00000000000000000
-9.00000000000000000
-10.00000000000000000
-22.00000000000000000
-50.00000000000000000
0.00000000000000000
24.00000000000000000
27.00000000000000000
25.00000000000000000
-24.00000000000000000
14.00000000000000000
-17.00000000000000000
-43.00000000000000000
12.00000000000000000
47.00000000000000000
-23.00000000000000000
-23.00000000000000000
41.00000000000000000
-43.00000000000000000
25.00000000000000000
-16.00000000000000000
-11.00000000000000000
-6.00000000000000000
13.00000000000000000
35.00000000000000000
35.00000000000000000
-25.00000000000000000
-36.00000000000000000
-4.00000000000000000
-23.00000000000000000
26.00000000000000000
-4.00000000000000000
-47.00000000000000000
-21.00000000000000000
-49.00000000000000000
0.00000000000000000
37.00000000000000000
-33.00000000000000000
-14.00000000000000000
-27.00000000000000000
-24.00000000000000000
43.00000000000000000
37.00000000000000000
33.00000000000000000
-44.00000000000000000
37.00000000000000000
6.00000000000000000
3.00000000000000000
38.00000000000000000
45.00000000000000000
3.00000000000000000
15.00000000000000000
1.00000000000000000
-28.00000000000000000
37.00000000000000000
-34.00000000000000000
11.00000000000000000
-14.00000000000000000
42.00000000000000000
-22.00000000000000000
-16.00000000000000000
-36.00000000000000000
-46.00000000000000000
-26.00000000000000000
-35.00000000000000000
6.00000000000000000
-41.00000000000000000
17.00000000000000000
15.00000000000000000
-6.00000000000000000
1.00000000000000000
2.00000000000000000
46.00000000000000000
15.00000000000000000
-24.00000000000000000
38.00000000000000000
-7.00000000000000000
-38.00000000000000000
-5.00000000000000000
-30.00000000000000000
43.00000000000000000
-49.00000000000000000
-47.00000000000000000
-3.00000000000000000
11.00000000000000000
32.00000000000000000
0.00000000000000000
-1.00000000000000000
28.00000000000000000
27.00000000000000000
-24.00000000000000000
25.00000000000000000
-7.00000000000000000
26.00000000000000000
49.00000000000000000
-46.00000000000000000
20.00000000000000000
31.00000000000000000
-12.00000000000000000
7.00000000000000000
8.00000000000000000
-15.00000000000000000
14.00000000000000000
-50.00000000000000000
-4.00000000000000000
9.00000000000000000
48.00000000000000000
-14.00000000000000000
35.00000000000000000
8.00000000000000000
-41.00000000000000000
-33.00000000000000000
-40.00000000000000000
-39.00000000000000000
33.00000000000000000
46.00000000000000000
-42.00000000000000000
-38.00000000000000000
-30.00000000000000000
-43.00000000000000000
12.00000000000000000
17.00000000000000000
-47.00000000000000000
-3.00000000000000000
-19.00000000000000000
-38.00000000000000000
-35.00000000000000000
30.00000000000000000
-33.00000000000000000
27.00000000000000000
36.00000000000000000
15.00000000000000000
12.00000000000000000
-46.00000000000000000
-20.00000000000000000
-2.00000000000000000
-3.00000000000000000
39.00000000000000000
41.00000000000000000
-50.00000000000000000
-24.00000000000000000
-7.00000000000000000
39.00000000000000000
-30.00000000000000000
-33.00000000000000000
-30.00000000000000000
-44.00000000000000000
-36.00000000000000000
-25.00000000000000000
8.00000000000000000
-19.00000000000000000
-34.00000000000000000
-9.00000000000000000
-14.00000000000000000
-8.00000000000000000
41.00000000000000000
22.00000000000000000
5.00000000000000000
34.00000000000000000
37.00000000000000000
-32.00000000000000000
2.00000000000000000
41.00000000000000000
-27.00000000000000000
-43.00000000000000000
34.00000000000000000
-9.00000000000000000
-11.00000000000000000
-41.00000000000000000
16.00000000000000000
-23.00000000000000000
30.00000000000000000
-45.00000000000000000
48.00000000000000000
12.00000000000000000
-13.00000000000000000
35.00000000000000000
-10.00000000000000000
-25.00000000000000000
44.00000000000000000
31.00000000000000000
30.00000000000000000
-37.00000000000000000
1.00000000000000000
-26.00000000000000000
4.00000000000000000
-23.00000000000000000
42.00000000000000000
26.00000000000000000
39.00000000000000000
30.00000000000000000
-43.00000000000000000
-41.00000000000000000
-8.00000000000000000
45.00000000000000000
14.00000000000000000
45.00000000000000000
-1.00000000000000000
-29.00000000000000000
-24.00000000000000000
-40.00000000000000000
45.00000000000000000
8.00000000000000000
0.00000000000000000
33.00000000000000000
45.00000000000000000
27.00000000000000000
45.00000000000000000
19.00000000000000000
-46.00000000000000000
47.00000000000000000
-24.00000000000000000
-4.00000000000000000
34.00000000000000000
4.00000000000000000
-4.00000000000000000
2.00000000000000000
43.00000000000000000
3.00000000000000000
-21.00000000000000000
38.00000000000000000
45.00000000000000000
-28.00000000000000000
40.00000000000000000
-38.00000000000000000
45.00000000000000000
-2.00000000000000000
14.00000000000000000
-17.00000000000000000
47.00000000000000000
-1.00000000000000000
29.00000000000000000
6.00000000000000000
-42.00000000000000000
8.00000000000000000
-14.00000000000000000
-46.00000000000000000
-50.00000000000000000
33.00000000000000000
-49.00000000000000000
-13.00000000000000000
5.00000000000000000
-19.00000000000000000
37.00000000000000000
10.00000000000000000
1.00000000000000000
-2.00000000000000000
-4.00000000000000000
17.00000000000000000
-39.00000000000000000
40.00000000000000000
4.00000000000000000
-43.00000000000000000
18.00000000000000000
46.00000000000000000
-31.00000000000000000
44.00000000000000000
0.00000000000000000
-24.00000000000000000
32.00000000000000000
44.00000000000000000
-8.00000000000000000
43.00000000000000000
-36.00000000000000000
-15.00000000000000000
38.00000000000000000
17.00000000000000000
-38.00000000000000000
4.00000000000000000
-50.00000000000000000
-39.00000000000000000
15.00000000000000000
-22.00000000000000000
42.00000000000000000
-9.00000000000000000
11.00000000000000000
-18.00000000000000000
42.00000000000000000
3.00000000000000000
11.00000000000000000
16.00000000000000000
38.00000000000000000
20.00000000000000000
21.00000000000000000
42.00000000000000000
-36.00000000000000000
-47.00000000000000000
-11.00000000000000000
7.00000000000000000
15.00000000000000000
-15.00000000000000000
-15.00000000000000000
49.00000000000000000
42.00000000000000000
-35.00000000000000000
-49.00000000000000000
-33.00000000000000000
-10.00000000000000000
-22.00000000000000000
37.00000000000000000
18.00000000000000000
20.00000000000000000
40.00000000000000000
-14.00000000000000000